21091
21080
21075
21069
21050
21049
21005
20996
20993
20992
20990
20974
20971
20969
20958
20926
20911
20908
20906
21100
21096
21106
21148
21138
21171
21170
21155
21197
21180
21324
21317
21316
21299
21234
21228
21224
21222
21639
21635
21633
21631
21629
21760
21759
21755
21754
21737
21736
21733
21722
21707
21693
21690
21688
21687
21673
21670
21667
21664
21657
21653
21954
21953
21928
21909
21908
21883
21880
21876
21861
21854
21845
21844
21838
21835
21834
21833
21831
21810
21793
22185
22182
22176
22174
22150
22147
22141
22125
22115
22113
22111
22108
22100
22098
22093
22084
22074
22066
22065
22633
22632
22749
22747
22741
22739
22738
22735
22726
22724
22720
22719
22718
22717
22713
22710
22709
22706
22705
22700
22697
